P_l_4: 1761.14 0 1955.79 0 0 1761.14 1140 0 0 0 1 0
P_l_6: 1761.14 0 1955.79 -316.068 0 1761.14 1140 0 0 0 1 0
P_r_4: 1761.14 0 1955.79 -316.068 0 1761.14 1140 0 0 0 1 0
(crop)P_l_4: 3522.27 0 941.037 0 0 3522.27 259.54 0 0 0 1 0
(crop)P_l_6: 3522.27 0 941.037 -632.137 0 3522.27 259.54 0 0 0 1 0
(crop)P_r_4: 3522.27 0 941.037 -632.137 0 3522.27 259.54 0 0 0 1 0
(resize)P_l_4: 880.568 0 971.259 0 0 880.568 170.385 0 0 0 1 0
(resize)P_l_6: 880.568 0 971.259 -158.034 0 880.568 170.385 0 0 0 1 0
(resize)P_r_4: 880.568 0 971.259 -158.034 0 880.568 170.385 0 0 0 1 0
P_l_0: 542 0 960.294 0 0 542 758.645 0 0 0 1 0
P_l_2: 542 0 966.008 0 0 542 757.185 0 0 0 1 0
P_l_7: 542 0 967.868 0 0 542 760.085 0 0 0 1 0
P_l_9: 542 0 971.597 0 0 542 759.228 0 0 0 1 0
P_l_11: 1895.36 0 968.81 0 0 1898.87 743.589 0 0 0 1 0
cam4_to_ground: -0.0127879 0.0244372 0.99962 1.72636 0.999915 0.00280601 0.0127231 -0.089854 -0.00249401 0.999697 -0.024471 -1.30447
cam4_to_imu: -0.0127879 0.0244372 0.99962 1.72636 0.999915 0.00280601 0.0127231 -0.089854 -0.00249401 0.999697 -0.024471 -0.999472
imu_to_cam4: -0.0127879 0.999915 -0.00249402 0.10943 0.0244372 0.002806 0.999697 0.957235 0.99962 0.0127231 -0.024471 -1.74902
cam6_to_ground: -0.0127879 0.0244372 0.99962 1.72636 0.999915 0.00280601 0.0127231 -0.089854 -0.00249401 0.999697 -0.024471 -1.30447
cam6_to_imu: -0.0127879 0.0244372 0.99962 1.72406 0.999915 0.00280601 0.0127231 0.0895993 -0.00249401 0.999697 -0.024471 -0.99992
imu_to_cam6: -0.0127879 0.999915 -0.00249402 -0.0700384 0.0244372 0.002806 0.999697 0.957235 0.99962 0.0127231 -0.024471 -1.74902
cam0_to_ground: -0.000318279 0.273552 -0.961857 -0.83034 -0.999906 0.0130653 0.00404668 0.0152737 0.0136739 0.961768 0.273522 -0.579506
cam0_to_imu: -0.000318279 0.273552 -0.961857 -0.83034 -0.999906 0.0130653 0.00404668 0.0152737 0.0136739 0.961768 0.273522 -0.274506
imu_to_cam0: -0.000318317 -0.999907 0.0136739 0.0187615 0.273552 0.0130653 0.961768 0.490953 -0.961857 0.00404663 0.273522 -0.723647
cam2_to_ground: 0.999171 -0.0293883 0.0281756 1.87998 0.0407118 0.726251 -0.686223 -1.01094 -0.00029564 0.686801 0.726845 -0.929663
cam2_to_imu: 0.999171 -0.0293883 0.0281756 1.87998 0.0407118 0.726251 -0.686223 -1.01094 -0.00029564 0.686801 0.726845 -0.624663
imu_to_cam2: 0.999171 0.0407118 -0.000295641 -1.83745 -0.0293883 0.726251 0.686801 1.21846 0.0281756 -0.686223 0.726845 -0.292665
cam7_to_ground: -0.999912 0.00445495 0.0125008 1.84724 0.00583367 -0.698527 0.71556 1.01951 0.0119199 0.71557 0.698439 -0.934692
cam7_to_imu: -0.999912 0.00445495 0.0125008 1.84724 0.00583367 -0.698527 0.71556 1.01951 0.0119199 0.71557 0.698439 -0.629692
imu_to_cam7: -0.999912 0.00583367 0.0119199 1.84863 0.00445495 -0.698527 0.71557 1.15452 0.0125008 0.71556 0.698439 -0.312815
cam9_to_ground: -0.00374658 -0.280494 0.959849 3.49308 0.999967 -0.0080392 0.00155387 0.00727611 0.00728052 0.959822 0.280514 -0.534852
cam9_to_imu: -0.00374658 -0.280494 0.959849 3.49308 0.999967 -0.0080392 0.00155387 0.00727611 0.00728052 0.959822 0.280514 -0.229852
imu_to_cam9: -0.00374655 0.999966 0.00728057 0.00748459 -0.280494 -0.00803917 0.959822 1.20046 0.959848 0.00155391 0.280514 -3.28836
cam11_to_ground: -0.00238814 0.161913 -0.986802 -0.46322 -0.999885 0.0143642 0.00477665 0.0129486 0.0149481 0.986701 0.16186 -1.27367
cam11_to_imu: -0.00238814 0.161913 -0.986802 -0.46322 -0.999885 0.0143642 0.00477665 0.0129486 0.0149481 0.986701 0.16186 -0.968667
imu_to_cam11: -0.00238813 -0.999885 0.0149481 0.0263206 0.161913 0.0143642 0.9867 1.0306 -0.986802 0.00477667 0.16186 -0.30038
cam_2_rectified_for_lidar45_to_lidar45: 0.9962026707416254 0.039300113474097356 0.07769002438006951 -1.5722166725704076 -0.025767965994665284 -0.7192615903373911 0.6942613172241596 0.6866429790445445 0.08316399903654524 -0.693626892317657 -0.7155176332683908 0.23595750645363378
lidar45_to_cam_2_rectified_for_lidar45: 0.9962026707416254 -0.025767965994665284 0.08316399903654524 1.5643166712942715 0.039300113474097356 -0.7192615903373911 -0.693626892317657 0.7193306866599252 0.07769002438006951 0.6942613172241596 -0.7155176332683908 -0.18573235090182483
cam_0_rectified_for_lidar38_to_imu: -0.0003183591701036992 0.27355216530232446 -0.9618571159511422 -0.8303401577458657 -0.9999064572853873 0.013065252093851676 0.004046710603754722 0.015273671185576987 0.013673892146176037 0.9617684295328759 0.2735224170473798 -0.27450611679607073
imu_to_cam_0_rectified_for_lidar38: -0.0003183591701036992 -0.9999064572853873 0.013673892146176037 0.018761463075923412 0.27355216530232446 0.013065252093851676 0.9617684295328759 0.4909531105725421 -0.9618571159511422 0.004046710603754722 0.2735224170473798 -0.7236468209546483
cam_9_rectified_for_pandar128_to_imu: -0.003746521612380871 -0.2804937799436747 0.9598485312739281 3.493081255374779 0.9999664782102833 -0.008039154010457628 0.0015538527983671724 0.007276111348377134 0.00728052412473279 0.9598221769763945 0.28051449615441226 -0.22985196239168304
imu_to_cam_9_rectified_for_pandar128: -0.003746521612380871 0.9999664782102833 0.00728052412473279 0.007484479734270799 -0.2804937799436747 -0.008039154010457628 0.9598221769763945 1.2004630696752767 0.9598485312739281 0.0015538527983671724 0.28051449615441226 -3.288363411177545
cam_11_rectified_for_lidar47_to_lidar47: 0.02364943426016053 0.12238281862368294 0.9922011640614505 -0.3592507784441125 -0.9995878945989382 0.01904784377165991 0.021476047562640266 -0.2725725426764361 -0.01627099352948963 -0.9923001689778015 0.12278285473220651 0.3361696853823962
lidar47_to_cam_11_rectified_for_lidar47: 0.02364943426016053 -0.9995878945989382 -0.01627099352948963 -0.2584943216160249 0.12238281862368294 0.01904784377165991 -0.9923001689778015 0.38273927767825366 0.9922011640614505 0.021476047562640266 0.12278285473220651 0.3210269478073413
cam_11_rectified_for_pandar128_to_pandar128: 0.005472623023588641 0.1537586857943924 -0.9880932734008581 -1.3075805121181374 0.9997694531033052 -0.021357424768218003 0.002213831246407505 0.003458276608889848 -0.02076273196762285 -0.9878775870268801 -0.1538401183410536 -0.5346024747847544
pandar128_to_cam_11_rectified_for_pandar128: 0.005472623023588641 0.9997694531033052 -0.02076273196762285 -0.007401391991319839 0.1537586857943924 -0.021357424768218003 -0.9878775870268801 -0.3269960818128163 -0.9880932734008581 0.002213831246407505 -0.1538401183410536 -1.3742624724811032
cam_9_rectified_for_pandar128_to_pandar128: -0.01178843956758513 -0.2882216811245339 0.9574911462892535 2.64249676636524 -0.9999295132818307 0.004752594606566962 -0.010880317663859163 -0.02690297161502305 -0.001414623809443294 -0.9575519178479321 -0.28825739099843495 -1.3054229857094772
pandar128_to_cam_9_rectified_for_pandar128: -0.01178843956758513 -0.9999295132818307 -0.001414623809443294 0.002403155688011527 -0.2882216811245339 0.004752594606566962 -0.9575519178479321 -0.48825756428315126 0.9574911462892535 -0.010880317663859163 -0.28825739099843495 -2.9067577947799736
lidar48_to_lidar: 0.008542843941695355 -0.9999626090317881 -0.0013417733517341185 2.233474399936532 -0.9906220525399942 -0.008280048713053878 -0.13637957990387956 -0.8545931755971413 0.13636337059062836 0.0024942597396911265 -0.9906557473863029 -0.4152849873746929
lidar_to_lidar48: 0.008542843941695355 -0.9906220525399942 0.13636337059062836 -0.8090294083090412 -0.9999626090317881 -0.008280048713053878 0.0024942597396911265 2.227350643666961 -0.0013417733517341185 -0.13637957990387956 -0.9906557473863029 -0.5249567013910332
lidar45_to_lidar: 0.9964107093322794 0.014952478409868599 0.08331939580521656 3.4166305607664236 0.01578619086202326 -0.9998316128649205 -0.009356393215320367 -0.29738264169618905 0.08316546462331405 0.0106381062851587 -0.9964789692656109 -0.26608653636132634
lidar_to_lidar45: 0.9964107093322794 0.01578619086202326 0.08316546462331405 -3.3775435310122486 0.014952478409868599 -0.9998316128649205 0.0106381062851587 -0.3455890041246272 0.08331939580521656 -0.009356393215320367 -0.9964789692656109 -0.5526036604326079
cam_0_rectified_for_lidar48_to_imu: -0.0003183591701041433 0.2735521653023244 -0.9618571159511424 -0.8303401577458658 -0.9999064572853874 0.013065252093851565 0.00404671060375511 0.01527367118557732 0.013673892146176037 0.9617684295328759 0.2735224170473797 -0.2745061167960708
imu_to_cam_0_rectified_for_lidar48: -0.0003183591701041433 -0.9999064572853874 0.013673892146176037 0.018761463075923412 0.2735521653023244 0.013065252093851565 0.9617684295328759 0.4909531105725423 -0.9618571159511424 0.00404671060375511 0.2735224170473797 -0.7236468209546483
cam_4_rectified_for_pandar128_to_imu: -0.00948813362682821 0.024371720415174547 0.9996579387792028 1.726357097195659 0.9999427470285756 0.005177525790555304 0.009364608461377433 -0.08985402876477086 -0.004947523140544641 0.9996895580482439 -0.024419450118319475 -0.999472500823561
imu_to_cam_4_rectified_for_pandar128: -0.00948813362682821 0.9999427470285756 -0.004947523140544641 0.10128387785428306 0.024371720415174547 0.005177525790555304 0.9996895580482439 0.9575531516713887 0.9996579387792028 0.009364608461377433 -0.024419450118319475 -1.749331698459894
cam_2_rectified_for_lidar47_to_imu: 0.9991708889896431 -0.029388263039160353 0.028175602765287508 1.8799838820193822 0.040711757421934794 0.7262507209802672 -0.6862233186676621 -1.0109370225788084 -0.000295640429732855 0.6868014416635884 0.7268450263471251 -0.624662778254532
imu_to_cam_2_rectified_for_lidar47: 0.9991708889896431 0.040711757421934794 -0.000295640429732855 -1.8374528194236264 -0.029388263039160353 0.7262507209802672 0.6868014416635884 1.2184624990064665 0.028175602765287508 -0.6862233186676621 0.7268450263471251 -0.2926652041444727
cam_0_rectified_for_lidar46_to_imu: -0.00031835917010392123 0.2735521653023247 -0.961857115951142 -0.8303401577458653 -0.9999064572853871 0.013065252093851676 0.004046710603754888 0.015273671185576432 0.01367389214617587 0.9617684295328757 0.2735224170473801 -0.2745061167960708
imu_to_cam_0_rectified_for_lidar46: -0.00031835917010392123 -0.9999064572853871 0.01367389214617587 0.018761463075922857 0.2735521653023247 0.013065252093851676 0.9617684295328757 0.4909531105725422 -0.961857115951142 0.004046710603754888 0.2735224170473801 -0.7236468209546476
cam_9_rectified_for_lidar48_to_imu: -0.003746521612381537 -0.2804937799436743 0.9598485312739287 3.4930812553747783 0.9999664782102836 -0.008039154010458294 0.0015538527983673944 0.007276111348376912 0.007280524124732901 0.959822176976395 0.2805144961544114 -0.2298519623916832
imu_to_cam_9_rectified_for_lidar48: -0.003746521612381537 0.9999664782102836 0.007280524124732901 0.007484479734273908 -0.2804937799436743 -0.008039154010458294 0.959822176976395 1.2004630696752754 0.9598485312739287 0.0015538527983673944 0.2805144961544114 -3.2883634111775466
cam_7_rectified_for_lidar45_to_imu: -0.9999119381708144 0.004454949250374673 0.012500773202585202 1.8472388308934582 0.005833670396062056 -0.6985265954284601 0.7155603145569455 1.0195142863574105 0.011919907432358497 0.7155702263973126 0.6984390931931738 -0.6296917221309855
imu_to_cam_7_rectified_for_lidar45: -0.9999119381708144 0.005833670396062056 0.011919907432358497 1.8486345163911049 0.004454949250374673 -0.6985265954284601 0.7155702263973126 1.1545171363607492 0.012500773202585202 0.7155603145569455 0.6984390931931738 -0.3128145617208027
cam_0_rectified_for_pandar128_to_imu: -0.00031835917010392123 0.27355216530232423 -0.9618571159511418 -0.8303401577458661 -0.9999064572853869 0.013065252093851676 0.004046710603755332 0.015273671185576917 0.013673892146175703 0.9617684295328754 0.27352241704738 -0.2745061167960705
imu_to_cam_0_rectified_for_pandar128: -0.00031835917010392123 -0.9999064572853869 0.013673892146175703 0.01876146307592319 0.27355216530232423 0.013065252093851676 0.9617684295328754 0.49095311057254176 -0.9618571159511418 0.004046710603755332 0.27352241704738 -0.7236468209546483
cam_2_rectified_for_pandar128_to_pandar128: 0.9987833639598032 -0.040772816676509824 0.02773750705097915 1.040845459338524 -0.04873167556277462 -0.7299423715183562 0.6817692850657056 1.006492227491354 -0.007550872398860337 -0.6822915151769238 -0.7310412249959601 -0.9035223070416135
pandar128_to_cam_2_rectified_for_pandar128: 0.9987833639598032 -0.04873167556277462 -0.007550872398860337 -0.9973534582038496 -0.040772816676509824 -0.7299423715183562 -0.6822915151769238 0.16065392068444662 0.02773750705097915 0.6817692850657056 -0.7310412249959601 -1.375577998779229
cam_2_rectified_for_lidar48_to_lidar48: -0.031834518249585164 -0.6260364797092344 0.779143689906481 0.12330638697834728 -0.9994713617613638 0.02508683402104739 -0.020679646459406176 0.35424959263924904 -0.006600035356152278 -0.779390131341211 -0.6265041601627463 0.2292177242391079
lidar48_to_cam_2_rectified_for_lidar48: -0.031834518249585164 -0.9994713617613638 -0.006600035356152278 0.3595005672693461 -0.6260364797092344 0.02508683402104739 -0.779390131341211 0.2469573278974765 0.779143689906481 -0.020679646459406176 -0.6265041601627463 0.05485822081366065
cam_2_rectified_for_lidar47_to_lidar47: -0.9593334361946115 0.20921519798491695 0.18949501083451048 -2.4927299384702577 0.02499516494213805 0.7316368750082368 -0.6812361740671857 -1.3306213086549334 -0.28116649858856685 -0.6487961806764229 -0.7071130857303745 -0.6568474218282442
lidar47_to_cam_2_rectified_for_lidar47: -0.9593334361946115 0.02499516494213805 -0.28116649858856685 -2.542783567994876 0.20921519798491695 0.7316368750082368 -0.6487961806764229 1.068888505114331 0.18949501083451048 -0.6812361740671857 -0.7071130857303745 -0.8985728900454393
cam_4_rectified_for_lidar48_to_imu: -0.001636626970920263 0.024371716757508377 0.9997016259236805 1.7263570971956588 0.9999854550933405 0.005177535904765218 0.0015108685317633541 -0.08985402876477067 -0.005139168602358413 0.9996895580850325 -0.02437983596806781 -0.9994725008235612
imu_to_cam_4_rectified_for_lidar48: -0.001636626970920263 0.9999854550933405 -0.005139168602358413 0.08754166673786656 0.024371716757508377 0.005177535904765218 0.9996895580850325 0.9575531589313988 0.9997016259236805 0.0015108685317633541 -0.02437983596806781 -1.750073214991546
cam_7_rectified_for_lidar45_to_lidar45: -0.9952395475084179 0.05292261533391468 0.08183788768937164 -1.573209334745048 -0.020657044506111347 0.7060878971916719 -0.7078228365570833 -1.3440095461222938 -0.09524457773286751 -0.706143808459482 -0.7016333744818775 0.21924274453774484
lidar45_to_cam_7_rectified_for_lidar45: -0.9952395475084179 -0.020657044506111347 -0.09524457773286751 -1.572601728834075 0.05292261533391468 0.7060878971916719 -0.706143808459482 1.187064133294452 0.08183788768937164 -0.7078228365570833 -0.7016333744818775 -0.668744493766658
cam_2_rectified_for_lidar45_to_imu: 0.9991708889896431 -0.029388263039160357 0.028175602765287498 1.8799838820193813 0.040711757421934794 0.7262507209802671 -0.6862233186676623 -1.0109370225788081 -0.0002956404297328359 0.6868014416635886 0.726845026347125 -0.624662778254532
imu_to_cam_2_rectified_for_lidar45: 0.9991708889896431 0.040711757421934794 -0.0002956404297328359 -1.8374528194236255 -0.029388263039160357 0.7262507209802671 0.6868014416635886 1.2184624990064665 0.028175602765287498 -0.6862233186676623 0.726845026347125 -0.2926652041444728
cam_2_rectified_for_pandar128_to_imu: 0.9991708889896431 -0.029388263039160353 0.0281756027652875 1.8799838820193826 0.040711757421934794 0.7262507209802673 -0.6862233186676621 -1.010937022578808 -0.00029564042973285846 0.6868014416635884 0.7268450263471252 -0.6246627782545315
imu_to_cam_2_rectified_for_pandar128: 0.9991708889896431 0.040711757421934794 -0.00029564042973285846 -1.8374528194236268 -0.029388263039160353 0.7262507209802673 0.6868014416635884 1.218462499006466 0.0281756027652875 -0.6862233186676621 0.7268450263471252 -0.2926652041444726
cam_9_rectified_for_lidar37_to_imu: -0.003746521612381315 -0.2804937799436748 0.9598485312739286 3.4930812553747788 0.9999664782102835 -0.008039154010458294 0.00155385279836745 0.007276111348377079 0.007280524124732901 0.9598221769763948 0.28051449615441193 -0.2298519623916831
imu_to_cam_9_rectified_for_lidar37: -0.003746521612381315 0.9999664782102835 0.007280524124732901 0.00748447973427302 -0.2804937799436748 -0.008039154010458294 0.9598221769763948 1.2004630696752774 0.9598485312739286 0.00155385279836745 0.28051449615441193 -3.2883634111775457
lidar45_to_imu: 0.9964107093322794 0.014952478409868599 0.08331939580521656 3.4166305607664236 0.01578619086202326 -0.9998316128649205 -0.009356393215320367 -0.29738264169618905 0.08316546462331405 0.0106381062851587 -0.9964789692656109 -0.26608653636132634
imu_to_lidar45: 0.9964107093322794 0.01578619086202326 0.08316546462331405 -3.3775435310122486 0.014952478409868599 -0.9998316128649205 0.0106381062851587 -0.3455890041246272 0.08331939580521656 -0.009356393215320367 -0.9964789692656109 -0.5526036604326079
cam_11_rectified_for_lidar47_to_imu: -0.002388167204414593 0.16191289805067471 -0.9868021636084083 -0.4632197121109577 -0.9998854197382256 0.014364214402825759 0.004776687084407538 0.01294861019380078 0.014948045100161289 0.9867005030856233 0.16186004188267722 -0.9686665865531751
imu_to_cam_11_rectified_for_lidar47: -0.002388167204414593 -0.9998854197382256 0.014948045100161289 0.026320552236569594 0.16191289805067471 0.014364214402825759 0.9867005030856233 1.0305990576832933 -0.9868021636084083 0.004776687084407538 0.16186004188267722 -0.3003796513263841
lidar_to_imu: 1.0 0.0 0.0 0.0 0.0 1.0 0.0 0.0 0.0 0.0 1.0 0.0
imu_to_lidar: 1.0 0.0 0.0 -0.0 0.0 1.0 0.0 -0.0 0.0 0.0 1.0 -0.0
lidar47_to_lidar: -0.9593473773989529 -0.015721335586073772 -0.28178972494599797 -0.7174220454757269 -0.017149356970353257 0.9998495532271725 0.00260201209202022 0.2784445077830789 0.2817064234859662 0.007328746060116537 -0.959472657478019 -0.5429200982775018
lidar_to_lidar47: -0.9593473773989529 -0.017149356970353257 0.2817064234859662 -0.53053773443052 -0.015721335586073772 0.9998495532271725 0.007328746060116537 -0.28570252590803347 -0.28178972494599797 0.00260201209202022 -0.959472657478019 -0.7238036663335502
lidar48_to_imu: 0.008542843941695355 -0.9999626090317881 -0.0013417733517341185 2.233474399936532 -0.9906220525399942 -0.008280048713053878 -0.13637957990387956 -0.8545931755971413 0.13636337059062836 0.0024942597396911265 -0.9906557473863029 -0.4152849873746929
imu_to_lidar48: 0.008542843941695355 -0.9906220525399942 0.13636337059062836 -0.8090294083090412 -0.9999626090317881 -0.008280048713053878 0.0024942597396911265 2.227350643666961 -0.0013417733517341185 -0.13637957990387956 -0.9906557473863029 -0.5249567013910332
cam_7_rectified_for_lidar46_to_imu: -0.9999119381708144 0.004454949250375477 0.012500773202584622 1.8472388308934589 0.005833670396061082 -0.6985265954284601 0.7155603145569457 1.0195142863574105 0.011919907432358667 0.7155702263973128 0.6984390931931735 -0.6296917221309852
imu_to_cam_7_rectified_for_lidar46: -0.9999119381708144 0.005833670396061082 0.011919907432358667 1.848634516391107 0.004454949250375477 -0.6985265954284601 0.7155702263973128 1.1545171363607476 0.012500773202584622 0.7155603145569457 0.6984390931931735 -0.31281456172080224
cam_11_rectified_for_pandar128_to_imu: -0.002388167204414815 0.16191289805067466 -0.9868021636084082 -0.46321971211095836 -0.9998854197382255 0.014364214402826425 0.004776687084407982 0.012948610193800822 0.0149480451001619 0.9867005030856231 0.16186004188267722 -0.9686665865531748
imu_to_cam_11_rectified_for_pandar128: -0.002388167204414815 -0.9998854197382255 0.0149480451001619 0.02632055223657015 0.16191289805067466 0.014364214402826425 0.9867005030856231 1.0305990576832929 -0.9868021636084082 0.004776687084407982 0.16186004188267722 -0.30037965132638456
cam_0_rectified_for_lidar48_to_lidar48: 0.9923912853934818 0.12054417139068489 0.025072682720569173 -0.8686858895289218 0.008631727679831322 -0.2712512175731028 0.9624698801741126 3.0568485978935156 0.12282112990985866 -0.9549303009690512 -0.27022784893275387 -0.2539845276576506
lidar48_to_cam_0_rectified_for_lidar48: 0.9923912853934818 0.008631727679831322 0.12282112990985866 0.8668850885238301 0.12054417139068489 -0.2712512175731028 -0.9549303009690512 0.6913514034296901 0.025072682720569173 0.9624698801741126 -0.27022784893275387 -2.988978110604111
cam_0_rectified_for_pandar128_to_pandar128: 0.00755283260821904 0.2656039474231374 -0.9640526426667992 -1.6803442164821463 0.9997812209376392 -0.020811150385258603 0.0020991141191664675 7.578684003298024e-05 -0.019505511529702535 -0.963857582391138 -0.2657030219758052 -1.2257445475577682
pandar128_to_cam_0_rectified_for_pandar128: 0.00755283260821904 0.9997812209376392 -0.019505511529702535 -0.01129318607303853 0.2656039474231374 -0.020811150385258603 -0.963857582391138 -0.7351355420995271 -0.9640526426667992 0.0020991141191664675 -0.2657030219758052 -1.9456244720311762
cam_4_rectified_for_lidar45_to_lidar45: 0.013727807267751135 0.1075056197291992 0.9941096966805325 -1.7419228789917276 -0.9998962130586926 0.005822557265372175 0.013178047570751361 -0.24056928309164816 -0.004371546466069687 -0.9941874267730065 0.10757439299369853 0.5880294069048703
lidar45_to_cam_4_rectified_for_lidar45: 0.013727807267751135 -0.9998962130586926 -0.004371546466069687 -0.21406093570779872 0.1075056197291992 0.005822557265372175 -0.9941874267730065 0.7732786699711773 0.9941096966805325 0.013178047570751361 0.10757439299369853 1.6715757518217533
cam_7_rectified_for_lidar47_to_imu: -0.9999119381708148 0.004454949250374673 0.012500773202585146 1.8472388308934589 0.0058336703960620165 -0.6985265954284603 0.7155603145569457 1.0195142863574105 0.011919907432358458 0.7155702263973128 0.6984390931931735 -0.6296917221309853
imu_to_cam_7_rectified_for_lidar47: -0.9999119381708148 0.0058336703960620165 0.011919907432358458 1.8486345163911069 0.004454949250374673 -0.6985265954284603 0.7155702263973128 1.15451713636075 0.012500773202585146 0.7155603145569457 0.6984390931931735 -0.31281456172080324
lidar46_to_lidar: -0.01352221211697291 0.99981628555807 0.013584730852229943 2.251611101434709 0.9921446527968601 0.011726232982501195 0.12454510583173423 0.8834988442700177 0.12436292737814342 0.015162143413912026 -0.9921209461053802 -0.42066042303616147
lidar_to_lidar46: -0.01352221211697291 0.9921446527968601 0.12436292737814342 -0.7937973295352674 0.99981628555807 0.011726232982501195 0.015162143413912026 -2.2551794475828153 0.013584730852229943 0.12454510583173423 -0.9921209461053802 -0.5579690047504339
lidar40_to_lidar: -0.9999353603195535 -0.010451475884844937 0.004476810743574238 2.221847318918537 0.004352990293882664 0.01184001240091126 0.9999204296252018 0.9479472116303354 -0.010503649751712035 0.9998752826018729 -0.01179375189321008 -0.3372632630568832
lidar_to_lidar40: -0.9999353603195535 0.004352990293882664 -0.010503649751712035 2.2140347992172327 -0.010451475884844937 0.01184001240091126 0.9998752826018729 0.34921907739260305 0.004476810743574238 0.9999204296252018 -0.01179375189321008 -0.9617961723105206
cam_0_rectified_for_lidar38_to_lidar38: -0.9996796633730975 0.021963940125086776 0.01257600780981823 -0.23204670176988124 -0.023397992078571572 -0.9914508229625023 -0.1283658818131536 -0.18146798873898962 0.009649072750379066 -0.12861901485067836 0.9916471370471953 0.10188308922418299
lidar38_to_cam_0_rectified_for_lidar38: -0.9996796633730975 -0.023397992078571572 0.009649072750379066 -0.2372014326151391 0.021963940125086776 -0.9914508229625023 -0.12861901485067836 -0.16171582434676565 0.01257600780981823 -0.1283658818131536 0.9916471370471953 -0.12140815100432426
cam_9_rectified_for_lidar37_to_lidar37: -0.9999751628436837 0.006174247662570293 0.003398876512857557 -0.2834982730098553 -0.006913048423586766 -0.9531483414122635 -0.30242428643305874 0.03195806121879076 0.0013723910672814761 -0.30244027167170195 0.9531673507909855 -0.0059102773044124035
lidar37_to_cam_9_rectified_for_lidar37: -0.9999751628436837 -0.006913048423586766 0.0013723910672814761 -0.283262192882426 0.006174247662570293 -0.9531483414122635 -0.30244027167170195 0.030423655721314224 0.003398876512857557 -0.30242428643305874 0.9531673507909855 0.016261952842132537
lidar46_to_imu: -0.01352221211697291 0.99981628555807 0.013584730852229943 2.251611101434709 0.9921446527968601 0.011726232982501195 0.12454510583173423 0.8834988442700177 0.12436292737814342 0.015162143413912026 -0.9921209461053802 -0.42066042303616147
imu_to_lidar46: -0.01352221211697291 0.9921446527968601 0.12436292737814342 -0.7937973295352674 0.99981628555807 0.011726232982501195 0.015162143413912026 -2.2551794475828153 0.013584730852229943 0.12454510583173423 -0.9921209461053802 -0.5579690047504339
cam_9_rectified_for_lidar48_to_lidar48: -0.9896280542560043 0.13645213587798566 0.0449124575570225 -0.8177398249557521 -0.004515230106483123 0.28294390240977785 -0.9591258315707131 -1.2662335590699243 -0.14358247430157037 -0.9493806205645142 -0.27939311081337914 -0.30293177015262096
lidar48_to_cam_9_rectified_for_lidar48: -0.9896280542560043 -0.004515230106483123 -0.14358247430157037 -0.8584713008494262 0.13645213587798566 0.28294390240977785 -0.9493806205645142 0.18225785833696673 0.0449124575570225 -0.9591258315707131 -0.27939311081337914 -1.2623876597518169
cam_7_rectified_for_lidar40_to_imu: -0.9999119381708153 0.004454949250374673 0.012500773202585198 1.8472388308934584 0.005833670396062053 -0.6985265954284607 0.7155603145569458 1.0195142863574105 0.011919907432358493 0.7155702263973129 0.6984390931931735 -0.6296917221309853
imu_to_cam_7_rectified_for_lidar40: -0.9999119381708153 0.005833670396062053 0.011919907432358493 1.8486345163911073 0.004454949250374673 -0.6985265954284607 0.7155702263973129 1.15451713636075 0.012500773202585198 0.7155603145569458 0.6984390931931735 -0.31281456172080324
cam_4_rectified_for_lidar46_to_imu: -0.001636626970920041 0.024371716757508655 0.99970162592368 1.726357097195659 0.99998545509334 0.00517753590476544 0.0015108685317634651 -0.08985402876477111 -0.005139168602358024 0.9996895580850318 -0.02437983596806781 -0.999472500823561
imu_to_cam_4_rectified_for_lidar46: -0.001636626970920041 0.99998545509334 -0.005139168602358024 0.08754166673786656 0.024371716757508655 0.00517753590476544 0.9996895580850318 0.9575531589313975 0.99970162592368 0.0015108685317634651 -0.02437983596806781 -1.7500732149915446
cam_4_rectified_for_lidar48_to_lidar48: -0.9913224198361594 0.13140026021250303 0.0037190786854195274 -0.8415614656610612 -0.006656180926005541 -0.02192019030800596 -0.9997375658203214 0.4993091483501497 -0.13128425338044974 -0.9910870178107205 0.022604600005099895 0.4751143506514054
lidar48_to_cam_4_rectified_for_lidar48: -0.9913224198361594 -0.006656180926005541 -0.13128425338044974 -0.7685602237549529 0.13140026021250303 -0.02192019030800596 -0.9910870178107205 0.5924060120332209 0.0037190786854195274 -0.9997375658203214 0.022604600005099895 0.49156817601964903
cam_7_rectified_for_lidar40_to_lidar40: 0.9997474955605253 -0.015011439804628362 -0.01672129766045049 0.37796737034531547 0.022438047051110636 0.707163857993601 0.7066935771550059 -0.2876294215264301 0.0012162092704436824 -0.7068903271530868 0.7073221233726628 0.07333315749712466
lidar40_to_cam_7_rectified_for_lidar40: 0.9997474955605253 0.022438047051110636 0.0012162092704436824 -0.3715072778788119 -0.015011439804628362 0.707163857993601 -0.7068903271530868 0.26091346552146166 -0.01672129766045049 0.7066935771550059 0.7073221233726628 0.1577158050245316
cam_9_rectified_for_lidar46_to_imu: -0.003746521612381315 -0.2804937799436752 0.9598485312739282 3.4930812553747783 0.9999664782102834 -0.00803915401045785 0.0015538527983673944 0.0072761113483775786 0.007280524124732679 0.9598221769763946 0.2805144961544126 -0.2298519623916831
imu_to_cam_9_rectified_for_lidar46: -0.003746521612381315 0.9999664782102834 0.007280524124732679 0.007484479734272131 -0.2804937799436752 -0.00803915401045785 0.9598221769763946 1.200463069675278 0.9598485312739282 0.0015538527983673944 0.2805144961544126 -3.288363411177544
cam_4_rectified_for_lidar46_to_lidar46: 0.9915132309108702 0.1291316249517439 -0.01505112507454235 -1.0305870166007836 0.010011815315250243 0.03958538876253581 0.9991660325244309 -0.5453473017892998 0.1296197380138561 -0.9908370302092271 0.037956594728429716 0.4458898153712718
lidar46_to_cam_4_rectified_for_lidar46: 0.9915132309108702 0.010011815315250243 0.1296197380138561 0.9695044579813511 0.1291316249517439 0.03958538876253581 -0.9908370302092271 0.5964733015227699 -0.01505112507454235 0.9991660325244309 0.037956594728429716 0.5124565467740786
cam_0_rectified_for_lidar47_to_lidar47: 0.0213051930594903 0.008280731468766067 0.9997387249852036 0.1884548482249574 -0.9996508070712165 0.015811237666506273 0.021172356631214806 -0.25938888194842646 -0.015631783985327163 -0.9998407044373598 0.008614701366886135 -0.2264014860173143
lidar47_to_cam_0_rectified_for_lidar47: 0.0213051930594903 -0.9996508070712165 -0.015631783985327163 -0.2668524312328544 0.008280731468766067 0.015811237666506273 -0.9998407044373598 -0.22382470599681867 0.9997387249852036 0.021172356631214806 0.008614701366886135 -0.18096335457585638
lidar47_to_imu: -0.9593473773989529 -0.015721335586073772 -0.28178972494599797 -0.7174220454757269 -0.017149356970353257 0.9998495532271725 0.00260201209202022 0.2784445077830789 0.2817064234859662 0.007328746060116537 -0.959472657478019 -0.5429200982775018
imu_to_lidar47: -0.9593473773989529 -0.017149356970353257 0.2817064234859662 -0.53053773443052 -0.015721335586073772 0.9998495532271725 0.007328746060116537 -0.28570252590803347 -0.28178972494599797 0.00260201209202022 -0.959472657478019 -0.7238036663335502
cam_0_rectified_for_lidar47_to_imu: -0.0003183591701043653 0.27355216530232446 -0.9618571159511422 -0.8303401577458656 -0.9999064572853873 0.013065252093851232 0.004046710603755277 0.015273671185576987 0.013673892146175814 0.9617684295328759 0.2735224170473798 -0.27450611679607084
imu_to_cam_0_rectified_for_lidar47: -0.0003183591701043653 -0.9999064572853873 0.013673892146175814 0.01876146307592297 0.27355216530232446 0.013065252093851232 0.9617684295328759 0.49095311057254226 -0.9618571159511422 0.004046710603755277 0.2735224170473798 -0.7236468209546482
cam_7_rectified_for_lidar47_to_lidar47: 0.9625207663090585 0.20928616728992594 0.17249079571071593 -2.4975536796510243 0.021640101850313856 -0.6932473096311818 0.7203748147187247 0.7000024655193848 0.27034326404726794 -0.6896430003053914 -0.671793905683914 -0.6375118098745687
lidar47_to_cam_7_rectified_for_lidar47: 0.9625207663090585 0.021640101850313856 0.27034326404726794 2.5611461805365745 0.20928616728992594 -0.6932473096311818 -0.6896430003053914 0.5683227058795044 0.17249079571071593 0.7203748147187247 -0.671793905683914 -0.5017356735432028
lidar37_to_lidar: 0.005276997123103255 -0.022903426139240846 0.9997237550305822 3.5012178686605737 -0.9999859962606303 0.0002797668018260646 0.005284790740549328 -0.2761958978513585 -0.0004007293320421046 -0.999737642985209 -0.02290162907702209 -0.19815124664657852
lidar_to_lidar37: 0.005276997123103255 -0.9999859962606303 -0.0004007293320421046 -0.2947473517129815 -0.022903426139240846 0.0002797668018260646 -0.999737642985209 -0.11783210498175434 0.9997237550305822 0.005284790740549328 -0.02290162907702209 -3.5033290236658274
cam_9_rectified_for_lidar46_to_lidar46: 0.993067482885383 0.11518318841665055 0.02344797521885047 -0.8623976231514606 0.008090394926838676 -0.26598355667916773 0.9639436150969766 1.2338603512776416 0.11726687488637713 -0.9570713561080358 -0.2650714986035059 -0.2815692856010558
lidar46_to_cam_9_rectified_for_lidar46: 0.993067482885383 0.008090394926838676 0.11726687488637713 0.8794553695293797 0.11518318841665055 -0.26598355667916773 -0.9570713561080358 0.15803837458718717 0.02344797521885047 0.9639436150969766 -0.2650714986035059 -1.2437863219339347
lidar38_to_lidar: -0.005769782034341864 -0.14773643357949867 -0.98900993716367 -0.757725062430359 0.9999240065025075 0.00992278885112019 -0.0073157010183355076 0.24984875367009207 0.010894532355717634 -0.9889769888397941 0.14766795424236 -0.4664906089271278
lidar_to_lidar38: -0.005769782034341864 0.9999240065025075 0.010894532355717634 -0.2491194782090428 -0.14773643357949867 0.00992278885112019 -0.9889769888397941 -0.575771272523441 -0.98900993716367 -0.0073157010183355076 0.14766795424236 -0.6786840837063913
cam_4_rectified_for_pandar128_to_pandar128: -0.017429986502653483 0.016194088878404678 0.9997169334646261 0.8829253969512072 -0.9997891151899796 -0.011141644885555246 -0.017250765110045196 0.08885075459348632 0.01085913063532673 -0.9998067889520666 0.01638487251102072 -0.5221133667237515
pandar128_to_cam_4_rectified_for_pandar128: -0.017429986502653483 -0.9997891151899796 0.01085913063532673 0.10989109232639671 0.016194088878404678 -0.011141644885555246 -0.9998067889520666 -0.5353207174487611 0.9997169334646261 -0.017250765110045196 0.01638487251102072 -0.8725879658706877
cam_7_rectified_for_lidar46_to_lidar46: 0.020791260798235234 -0.6041092591600654 0.7966302319592804 0.1144192569121999 -0.9994791015829367 0.007112623604754065 0.031479137288416226 -0.40587239528697294 -0.024682969298397417 -0.7968697594855348 -0.6036466991909095 0.2188310993937097
lidar46_to_cam_7_rectified_for_lidar46: 0.020791260798235234 -0.9994791015829367 -0.024682969298397417 -0.4026384963016706 -0.6041092591600654 0.007112623604754065 -0.7968697594855348 0.2463884356479311 0.7966302319592804 0.031479137288416226 -0.6036466991909095 0.05372334450757342
cam_9_rectified_for_lidar45_to_imu: -0.003746521612381315 -0.2804937799436751 0.9598485312739283 3.4930812553747774 0.9999664782102835 -0.00803915401045785 0.00155385279836745 0.007276111348377079 0.007280524124732679 0.9598221769763948 0.2805144961544124 -0.2298519623916832
imu_to_cam_9_rectified_for_lidar45: -0.003746521612381315 0.9999664782102835 0.007280524124732679 0.00748447973427302 -0.2804937799436751 -0.00803915401045785 0.9598221769763948 1.2004630696752774 0.9598485312739283 0.00155385279836745 0.2805144961544124 -3.288363411177544
cam_7_rectified_for_pandar128_to_pandar128: -0.9999905352428895 0.004208359893689717 0.0011041429455852809 0.9919339878672278 0.002127397036759502 0.6943275042909394 -0.7196560226712229 -1.023567835839073 -0.003795208358850506 -0.7196468623513347 -0.6943298855021236 -0.8863801414862083
pandar128_to_cam_7_rectified_for_pandar128: -0.9999905352428895 0.002127397036759502 -0.003795208358850506 0.9907381373117617 0.004208359893689717 0.6943275042909394 -0.7196468623513347 0.0686361980478114 0.0011041429455852809 -0.7196560226712229 -0.6943298855021236 -1.353152216738803
cam_0_rectified_for_lidar46_to_lidar46: -0.99034701471657 0.12887192695467065 0.051037406722600535 -0.8015539868656065 -0.01183611124801573 0.2882375868685153 -0.9574857701223238 -3.089350058334026 -0.13810393518109002 -0.9488472584980183 -0.28392989122016044 -0.2950034230075311
lidar46_to_cam_0_rectified_for_lidar46: -0.99034701471657 -0.01183611124801573 -0.13810393518109002 -0.871123622610255 0.12887192695467065 0.2882375868685153 -0.9488472584980183 0.713851423483649 0.051037406722600535 -0.9574857701223238 -0.28392989122016044 -3.000859772747722
cam_4_rectified_for_lidar45_to_imu: -0.001636626970920263 0.02437171675750832 0.9997016259236802 1.726357097195658 0.99998545509334 0.005177535904765884 0.0015108685317635762 -0.08985402876477089 -0.005139168602358579 0.999689558085032 -0.024379835968067365 -0.9994725008235612
imu_to_cam_4_rectified_for_lidar45: -0.001636626970920263 0.99998545509334 -0.005139168602358579 0.08754166673786612 0.02437171675750832 0.005177535904765884 0.999689558085032 0.9575531589313984 0.9997016259236802 0.0015108685317635762 -0.024379835968067365 -1.750073214991544
cam_7_rectified_for_pandar128_to_imu: -0.9999119381708141 0.004454949250374675 0.012500773202585191 1.8472388308934589 0.005833670396062044 -0.6985265954284601 0.7155603145569452 1.0195142863574107 0.011919907432358493 0.7155702263973124 0.6984390931931739 -0.6296917221309852
imu_to_cam_7_rectified_for_pandar128: -0.9999119381708141 0.005833670396062044 0.011919907432358493 1.848634516391105 0.004454949250374675 -0.6985265954284601 0.7155702263973124 1.154517136360749 0.012500773202585191 0.7155603145569452 0.6984390931931739 -0.3128145617208027
pandar128_to_lidar: 0.9999350249174873 -0.008030272622817069 -0.008090776530545274 0.8399782616033272 -0.007983185617206604 -0.999951107106996 0.005835421398214292 0.009087690500758564 -0.008137240973770726 -0.005770452070396765 -0.9999502423582078 -1.5138626026797817
lidar_to_pandar128: 0.9999350249174873 -0.007983185617206604 -0.008137240973770726 -0.8521698000255565 -0.008030272622817069 -0.999951107106996 -0.005770452070396765 0.007096829025264144 -0.008090776530545274 0.005835421398214292 -0.9999502423582078 -1.5070442305451355
cam_9_rectified_for_lidar45_to_lidar45: 0.01265807559486598 -0.19978985655254516 0.9797570037213044 0.08399915724661611 -0.9997766655139126 0.014054413465162563 0.015782666315689586 -0.3030788578203267 -0.0169231266649163 -0.9797379683777003 -0.19956733475952304 -0.03258767232736548
lidar45_to_cam_9_rectified_for_lidar45: 0.01265807559486598 -0.9997766655139126 -0.0169231266649163 -0.30462592284821494 -0.19978985655254516 0.014054413465162563 -0.9797379683777003 -0.010885604722979114 0.9797570037213044 0.015782666315689586 -0.19956733475952304 -0.08401880505112977
cam_2_rectified_for_lidar48_to_imu: 0.9991708889896431 -0.02938826303916037 0.028175602765287498 1.8799838820193817 0.0407117574219348 0.7262507209802672 -0.6862233186676621 -1.010937022578808 -0.0002956404297328359 0.6868014416635884 0.7268450263471251 -0.624662778254532
imu_to_cam_2_rectified_for_lidar48: 0.9991708889896431 0.0407117574219348 -0.0002956404297328359 -1.837452819423626 -0.02938826303916037 0.7262507209802672 0.6868014416635884 1.218462499006466 0.028175602765287498 -0.6862233186676621 0.7268450263471251 -0.2926652041444724
