K: 880.568 0 971.259 -158.034 0 880.568 170.385 0 0 0 1 0
D: 0. 0. 0. 0. 
T: -0.017429986502653483 -0.9997891151899796 0.01085913063532673 0.10989109232639671 0.016194088878404678 -0.011141644885555246 -0.9998067889520666 -0.5353207174487611 0.9997169334646261 -0.017250765110045196 0.01638487251102072 -0.8725879658706877
