K: 880.568 0 971.259 -158.034 0 880.568 170.385 0 0 0 1 0
D: 0. 0. 0. 0. 
T: -0.00948813362682821 0.9999427470285756 -0.004947523140544641 0.10128387785428306 0.024371720415174547 0.005177525790555304 0.9996895580482439 0.9575531516713887 0.9996579387792028 0.009364608461377433 -0.024419450118319475 -1.749331698459894
